origem:  Alice Springs  id ->  5
destino:  Yulara  id ->  219
Comecando Greedy!
Imprimindo Arvore greedy
Imprimindo Solucao greedy
Altura da Arvore de busca:  129
Numero de nós da Arvore de busca 357
Custo Total:  205323.3248672914
IDS:  [5, 7, 9, 10, 12, 14, 16, 18, 17, 19, 21, 22, 24, 26, 25, 27, 29, 31, 33, 35, 37, 38, 40, 42, 41, 43, 45, 47, 49, 51, 53, 55, 57, 59, 61, 63, 65, 66, 68, 70, 72, 74, 73, 75, 77, 79, 80, 82, 84, 86, 88, 90, 92, 94, 96, 95, 97, 99, 100, 102, 104, 106, 108, 110, 112, 114, 116, 118, 120, 122, 121, 123, 125, 127, 129, 130, 132, 134, 133, 135, 137, 138, 140, 142, 141, 143, 145, 147, 149, 151, 153, 155, 157, 159, 161, 162, 164, 166, 168, 170, 172, 174, 176, 178, 180, 182, 184, 186, 185, 187, 189, 191, 192, 194, 196, 195, 197, 199, 200, 202, 204, 203, 205, 207, 209, 211, 213, 215, 217, 219]
Comecando A*!
Imprimindo Arvore A
Altura da Arvore de busca:  123
Numero de nós da Arvore de busca 751
Custo Total:  151156.53355766975
IDS:  [5, 6, 8, 10, 12, 11, 13, 15, 16, 18, 20, 22, 24, 26, 28, 30, 32, 34, 36, 38, 37, 39, 41, 43, 45, 47, 49, 51, 53, 55, 57, 59, 61, 62, 64, 66, 68, 70, 69, 71, 73, 75, 77, 79, 81, 83, 85, 87, 89, 91, 93, 95, 97, 99, 100, 102, 104, 106, 108, 110, 112, 114, 116, 118, 120, 119, 121, 123, 125, 127, 129, 131, 133, 134, 136, 138, 140, 139, 141, 143, 144, 146, 148, 150, 152, 151, 153, 155, 157, 159, 161, 162, 164, 166, 168, 170, 172, 174, 176, 175, 177, 179, 181, 183, 185, 187, 189, 191, 193, 195, 197, 199, 201, 203, 204, 206, 208, 210, 212, 211, 213, 215, 217, 219]
Comecando Greedy ID!
Imprimindo Arvore greedy ID
Imprimindo Solucao greedy ID
Altura da Arvore de busca:  107
Numero de nós da Arvore de busca 216
Custo Total:  176625.63842035175
IDS:  [5, 7, 9, 11, 13, 15, 17, 19, 21, 23, 25, 27, 29, 31, 33, 35, 37, 39, 41, 43, 45, 47, 49, 51, 53, 55, 57, 59, 61, 63, 65, 67, 69, 71, 73, 75, 77, 79, 81, 83, 85, 87, 89, 91, 93, 95, 97, 99, 101, 103, 105, 107, 109, 111, 113, 115, 117, 119, 121, 123, 125, 127, 129, 131, 133, 135, 137, 139, 141, 143, 145, 147, 149, 151, 153, 155, 157, 159, 161, 163, 165, 167, 169, 171, 173, 175, 177, 179, 181, 183, 185, 187, 189, 191, 193, 195, 197, 199, 201, 203, 205, 207, 209, 211, 213, 215, 217, 219]
Djisktra Shortest path
Shortest path:  [5, 6, 8, 10, 12, 11, 13, 15, 16, 18, 20, 22, 24, 26, 28, 30, 32, 34, 36, 38, 37, 39, 41, 43, 45, 47, 49, 51, 53, 55, 57, 59, 61, 62, 64, 66, 68, 70, 69, 71, 73, 75, 77, 79, 81, 83, 85, 87, 89, 91, 93, 95, 97, 99, 100, 102, 104, 106, 108, 110, 112, 114, 116, 118, 120, 119, 121, 123, 125, 127, 129, 131, 133, 134, 136, 138, 140, 139, 141, 143, 144, 146, 148, 150, 152, 151, 153, 155, 157, 159, 161, 162, 164, 166, 168, 170, 172, 174, 176, 175, 177, 179, 181, 183, 185, 187, 189, 191, 193, 195, 197, 199, 201, 203, 204, 206, 208, 210, 212, 211, 213, 215, 217, 219]
Distance:  151156.53355766975